,ElapsedTime,Swordfish,Bath
0,0.0,26.1,26.1
1,0.0,26.1,26.1
2,0.0,22.8,26.1
3,0.0,22.8,26.1
4,1.0,20.0,26.1
5,2.0,25.0,50.6
6,3.0,26.1,50.6
7,3.0,26.1,50.6
8,3.0,27.2,50.6
9,3.0,27.2,50.6
10,4.0,27.8,50.6
11,5.0,28.9,50.6
12,5.0,28.9,50.6
13,5.0,30.0,50.6
14,5.0,30.0,50.6
15,6.0,30.6,50.6
16,6.0,30.6,50.6
17,6.0,31.7,50.6
18,6.0,31.7,50.6
19,7.0,32.2,50.6
20,9.0,34.4,50.6
21,9.0,34.4,50.6
22,9.0,35.0,50.6
23,9.0,35.0,50.6
24,10.0,35.6,50.6
25,10.0,35.6,50.6
26,10.0,36.1,50.6
27,10.0,36.1,50.6
28,11.0,36.7,50.6
29,11.0,36.7,50.6
30,11.0,37.2,50.6
31,11.0,37.2,50.6
32,12.0,37.8,50.6
33,13.0,38.3,50.6
34,13.0,38.3,50.6
35,13.0,38.9,50.6
36,13.0,38.9,50.6
37,15.0,40.6,50.6
38,15.0,40.6,50.6
39,15.0,41.1,50.6
40,15.0,41.1,50.6
41,16.0,41.1,50.6
42,17.0,41.7,50.6
43,17.0,41.7,50.6
44,17.0,42.2,50.6
45,17.0,42.2,50.6
46,18.0,42.2,50.6
47,18.0,42.2,50.6
48,18.0,42.8,50.6
49,18.0,42.8,50.6
50,19.0,43.3,50.6
51,19.0,43.3,50.6
52,19.0,43.3,50.6
53,19.0,43.3,50.6
54,21.0,44.4,50.6
55,22.0,44.4,50.6
56,22.0,44.4,50.6
57,22.0,45.0,50.6
58,22.0,45.0,50.6
59,23.0,45.0,50.6
60,23.0,45.0,50.6
61,23.0,45.6,50.6
62,23.0,45.6,50.6
63,24.0,45.6,50.6
64,24.0,45.6,50.6
65,24.0,46.1,50.6
66,24.0,46.1,50.6
67,25.0,46.1,50.6
68,26.0,46.1,50.6
69,27.0,46.7,50.6
70,28.0,46.7,50.6
71,28.0,46.7,50.6
72,28.0,47.2,50.6
73,28.0,47.2,50.6
74,29.0,47.2,50.6
75,30.0,47.2,50.6
76,30.0,47.2,50.6
77,30.0,47.2,50.6
78,30.0,47.2,50.6
79,31.0,47.2,50.6
80,31.0,47.2,51.1
81,31.0,47.8,50.6
82,31.0,47.8,51.1
83,32.0,47.8,50.6
84,34.0,47.8,50.6
85,34.0,47.8,50.6
86,34.0,48.3,50.6
87,34.0,48.3,50.6
88,35.0,48.3,50.6
89,35.0,48.3,50.6
90,35.0,48.3,50.6
91,35.0,48.3,50.6
92,36.0,48.3,50.6
93,36.0,48.3,50.6
94,36.0,48.3,50.6
95,36.0,48.3,50.6
96,37.0,48.3,50.6
97,37.0,48.3,50.6
98,37.0,48.9,50.6
99,37.0,48.9,50.6
100,38.0,48.9,50.6
101,40.0,48.9,50.6
102,40.0,48.9,50.6
103,40.0,48.9,50.6
104,40.0,48.9,50.6
105,41.0,48.9,50.6
106,41.0,48.9,50.6
107,41.0,48.9,50.6
108,41.0,48.9,50.6
109,42.0,48.9,50.6
110,43.0,48.9,50.6
111,43.0,48.9,50.6
112,43.0,49.4,50.6
113,43.0,49.4,50.6
114,44.0,49.4,50.6
115,44.0,49.4,50.6
116,44.0,49.4,50.6
117,44.0,49.4,50.6
118,46.0,49.4,50.6
119,47.0,49.4,50.6
120,47.0,49.4,50.6
121,47.0,49.4,50.6
122,47.0,49.4,50.6
123,48.0,49.4,50.6
124,48.0,49.4,50.6
125,48.0,49.4,50.6
126,48.0,49.4,50.6
127,49.0,49.4,50.6
128,49.0,49.4,50.6
129,49.0,49.4,50.6
130,49.0,49.4,50.6
131,50.0,49.4,50.6
132,51.0,49.4,50.6
133,52.0,50.0,50.6
134,53.0,50.0,50.6
135,53.0,50.0,50.6
136,53.0,50.0,50.6
137,53.0,50.0,50.6
138,54.0,50.0,50.6
139,55.0,50.0,50.6
140,55.0,50.0,50.6
141,55.0,50.0,50.6
142,55.0,50.0,50.6
143,56.0,50.0,50.6
144,56.0,50.0,50.6
145,56.0,50.0,50.6
146,56.0,50.0,50.6
147,57.0,50.0,50.6
148,59.0,50.0,50.6
149,59.0,50.0,50.6
150,59.0,50.0,50.6
151,59.0,50.0,50.6
152,60.0,50.0,50.6
153,60.0,50.0,50.6
154,60.0,50.0,50.6
155,60.0,50.0,50.6
156,61.0,50.0,50.6
157,61.0,50.0,50.6
158,61.0,50.0,50.6
159,61.0,50.0,50.6
160,62.0,50.0,50.6
161,62.0,50.0,50.6
162,62.0,50.0,50.6
163,62.0,50.0,50.6
164,63.0,50.0,50.6
165,65.0,50.0,50.6
166,65.0,50.0,50.6
167,65.0,50.0,50.6
168,65.0,50.0,50.6
169,66.0,50.0,50.6
170,66.0,50.0,50.6
171,66.0,50.0,50.6
172,66.0,50.0,50.6
173,67.0,50.0,50.6
174,68.0,50.0,50.6
175,68.0,50.0,50.6
176,68.0,50.0,50.6
177,68.0,50.0,50.6
178,69.0,50.0,50.6
179,69.0,50.0,50.6
180,69.0,50.0,50.6
181,69.0,50.0,50.6
182,71.0,50.0,50.6
183,72.0,50.0,50.6
184,72.0,50.0,50.6
185,72.0,50.0,50.6
186,72.0,50.0,50.6
187,73.0,50.0,50.6
188,73.0,50.0,50.6
189,73.0,50.0,50.6
190,73.0,50.0,50.6
191,74.0,50.0,50.6
192,74.0,50.0,50.6
193,74.0,50.0,50.6
194,74.0,50.0,50.6
195,75.0,50.0,50.6
196,75.0,50.0,50.6
197,75.0,50.0,50.6
198,75.0,50.0,50.6
199,77.0,50.0,50.6
200,78.0,50.0,50.6
201,78.0,50.0,50.6
202,78.0,50.0,50.6
203,78.0,50.0,50.6
204,79.0,50.0,50.6
205,79.0,50.0,50.6
206,79.0,50.0,50.6
207,79.0,50.0,50.6
208,80.0,40.0,50.6
209,81.0,27.8,50.6
210,81.0,27.8,50.6
211,81.0,26.1,50.6
212,81.0,26.1,50.6
213,82.0,26.1,50.6
214,83.0,27.2,50.6
215,84.0,36.7,50.6
216,85.0,50.0,50.6
217,85.0,50.0,50.6
218,85.0,50.0,50.6
219,85.0,50.0,50.6
220,86.0,50.6,50.6
221,86.0,50.6,50.6
222,86.0,50.6,50.6
223,86.0,50.6,50.6
224,87.0,50.6,50.6
225,87.0,50.6,50.6
226,87.0,50.6,50.6
227,87.0,50.6,50.6
228,88.0,50.6,50.6
229,90.0,50.6,50.6
230,90.0,50.6,50.6
231,90.0,50.6,50.6
232,90.0,50.6,50.6
233,91.0,50.6,50.6
234,91.0,50.6,50.6
235,91.0,50.6,50.6
236,91.0,50.6,50.6
237,92.0,50.6,50.6
238,93.0,50.6,50.6
239,93.0,50.6,50.6
240,93.0,50.6,50.6
241,93.0,50.6,50.6
242,94.0,50.6,50.6
243,94.0,50.6,50.6
244,94.0,50.6,50.6
245,94.0,50.6,50.6
246,96.0,50.6,50.6
247,97.0,50.6,50.6
248,97.0,50.6,50.6
249,97.0,50.6,50.6
250,97.0,50.6,50.6
251,98.0,50.6,50.6
252,98.0,50.6,50.6
253,98.0,50.6,50.6
254,98.0,50.6,50.6
255,99.0,50.6,50.6
256,99.0,50.6,50.6
257,99.0,50.6,50.6
258,99.0,50.6,50.6
259,100.0,50.6,50.6
260,100.0,50.6,50.6
261,100.0,50.6,50.6
262,100.0,50.6,50.6
263,102.0,50.6,50.6
264,103.0,50.6,50.6
265,103.0,50.6,50.6
266,103.0,50.6,50.6
267,103.0,50.6,50.6
268,104.0,50.6,50.6
269,104.0,50.6,50.6
270,104.0,50.6,50.6
271,104.0,50.6,50.6
272,105.0,50.6,50.6
273,106.0,50.6,50.6
274,106.0,50.6,50.6
275,106.0,50.6,50.6
276,106.0,50.6,50.6
277,107.0,50.6,50.6
278,108.0,50.6,50.6
279,109.0,50.6,50.6
280,110.0,50.6,50.6
281,110.0,50.6,50.6
282,110.0,50.6,50.6
283,110.0,50.6,50.6
284,111.0,50.6,50.6
285,111.0,50.6,50.6
286,111.0,50.6,50.6
287,111.0,50.6,50.6
288,112.0,50.6,50.6
289,112.0,50.6,50.6
290,112.0,50.6,50.6
291,112.0,50.6,50.6
292,113.0,50.6,50.6
293,115.0,50.6,50.6
294,115.0,50.6,50.6
295,115.0,50.6,50.6
296,115.0,50.6,50.6
297,116.0,50.6,50.6
298,116.0,50.6,50.0
299,116.0,50.6,50.6
300,116.0,50.6,50.0
301,117.0,50.6,50.6
302,117.0,50.6,50.6
303,117.0,50.6,50.6
304,117.0,50.6,50.6
305,118.0,50.6,50.6
306,119.0,50.6,50.6
307,119.0,50.6,50.6
308,119.0,50.6,50.6
309,119.0,50.6,50.6
310,121.0,50.6,50.6
311,121.0,50.6,50.6
312,121.0,50.6,50.6
313,121.0,50.6,50.6
314,122.0,50.6,50.6
315,123.0,50.6,50.6
316,123.0,50.6,50.6
317,123.0,50.6,50.6
318,123.0,50.6,50.6
319,124.0,50.6,50.6
320,124.0,50.6,50.6
321,124.0,50.6,50.6
322,124.0,50.6,50.6
323,125.0,50.6,50.6
324,125.0,50.6,50.6
325,125.0,50.6,50.6
326,125.0,50.6,50.6
327,127.0,31.1,25.0
328,128.0,28.3,23.3
329,128.0,28.3,22.8
330,128.0,26.7,23.3
331,128.0,26.7,22.8
332,129.0,25.6,22.8
333,129.0,25.6,22.8
334,129.0,25.0,22.8
335,129.0,25.0,22.8
336,130.0,25.0,22.8
337,131.0,24.4,23.3
338,131.0,24.4,23.3
339,131.0,24.4,23.3
340,131.0,24.4,23.3
341,132.0,24.4,23.9
342,133.0,23.9,23.9
343,134.0,23.9,23.9
344,135.0,23.9,23.3
345,135.0,23.9,23.3
346,135.0,23.9,23.3
347,135.0,23.9,23.3
348,136.0,23.9,23.3
